[gd_resource type="Resource" script_class="ProtonScatterCacheResource" load_steps=2 format=3 uid="uid://c3ig0tc4fgjsw"]

[ext_resource type="Script" path="res://addons/proton_scatter/src/common/cache_resource.gd" id="1_km7kb"]

[resource]
script = ExtResource("1_km7kb")
data = {
"Hedges": Array[Transform3D]([Transform3D(-0.996912, 0, 0.0785235, 0, 1, 0, -0.0785235, 0, -0.996912, -5.41149, 0, 3.18017), Transform3D(0.999989, 0, 0.0047852, 0, 1, 0, -0.0047852, 0, 0.999989, 13.6653, 0, -32.2716), Transform3D(0.943323, 0, 0.331876, 0, 1, 0, -0.331876, 0, 0.943323, -6.48496, 0, -31.3422), Transform3D(0.0874033, 0, 0.996173, 0, 1, 0, -0.996173, 0, 0.0874033, 2.10582, 0, 5.74371), Transform3D(0.618578, 0, -0.785724, 0, 1, 0, 0.785724, 0, 0.618578, 22.6377, 0, -28.8761), Transform3D(-0.720807, 0, 0.693135, 0, 1, 0, -0.693135, 0, -0.720807, -9.81594, 0, 1.16856), Transform3D(0.999989, 0, 0.00478367, 0, 1, 0, -0.00478367, 0, 0.999989, 8.66536, 0, -32.2477), Transform3D(0.999989, 0, 0.00478518, 0, 1, 0, -0.00478518, 0, 0.999989, -1.58453, 0, -32.1987), Transform3D(-0.101379, 0, -0.994848, 0, 1, 0, 0.994848, 0, -0.101379, 23.8635, 0, -3.80844), Transform3D(-0.00471711, 0, -0.999989, 0, 1, 0, 0.999989, 0, -0.00471711, 24.1365, 0, -8.99037), Transform3D(-0.00900783, 0, 0.999959, 0, 1, 0, -0.999959, 0, -0.00900783, -11.7252, 0, -3.26955), Transform3D(-0.999712, 0, -0.0240104, 0, 1, 0, 0.0240104, 0, -0.999712, -0.284157, 0, 3.31592), Transform3D(0.596242, 0, 0.802805, 0, 1, 0, -0.802805, 0, 0.596242, -10.4094, 0, -28.4456), Transform3D(-0.0124514, 0, -0.999922, 0, 1, 0, 0.999923, 0, -0.0124514, 10.1266, 0, 5.92871), Transform3D(0.999989, 0, 0.00478404, 0, 1, 0, -0.00478404, 0, 0.999989, 3.54041, 0, -32.2232), Transform3D(-0.00900806, 0, 0.999959, 0, 1, 0, -0.999959, 0, -0.00900805, -11.8637, 0, -18.6439), Transform3D(-0.00471643, 0, -0.999989, 0, 1, 0, 0.999989, 0, -0.00471643, 24.1854, 0, -19.3653), Transform3D(-0.00471565, 0, -0.999989, 0, 1, 0, 0.999989, 0, -0.00471565, 24.1612, 0, -14.2403), Transform3D(-0.973574, 0, -0.228371, 0, 1, 0, 0.228371, 0, -0.973574, 17.6599, 0, 3.00033), Transform3D(-0.688874, 0, -0.724882, 0, 1, 0, 0.724882, 0, -0.688874, 21.8555, 0, 0.587293), Transform3D(-0.00900807, 0, 0.999959, 0, 1, 0, -0.999959, 0, -0.00900807, -11.8186, 0, -13.6441), Transform3D(-0.00900746, 0, 0.999959, 0, 1, 0, -0.999959, 0, -0.00900746, -11.7725, 0, -8.51933), Transform3D(-0.00471721, 0, -0.999989, 0, 1, 0, 0.999989, 0, -0.00471721, 24.209, 0, -24.3652), Transform3D(-0.999585, 0, 0.02882, 0, 1, 0, -0.02882, 0, -0.999585, 12.6847, 0, 3.50174), Transform3D(-0.00900818, 0, 0.999959, 0, 1, 0, -0.999959, 0, -0.00900818, -11.9098, 0, -23.7687), Transform3D(0.961538, 0, -0.274671, 0, 1, 0, 0.274671, 0, 0.961538, 18.6099, 0, -31.5853)])
}
